================================================================================
RECORD SUBMISSION: 12_DOMINO_in_5
================================================================================
Problem: 12_DOMINO_in_5
Family: dominpen (https://erich-friedman.github.io/packing/dominpen/index.html)
Inner Shape: DOMINO
Container: 5
Solver Circumradius S: 3.520728102067
Reported Metric s: 4.138864111453
Previous Friedman Benchmark: 4.152230000000
Improvement Delta: -0.013365888547 (-0.322%)

Pieces (12 total):
#   | Center (x, y)             | Angle (deg)  | Vertices [(x,y), ...]
--------------------------------------------------------------------------------
1   | ( +2.518502,  +0.526879) |   306.02 deg | [(+1.526028, +1.041655), (+2.702166, -0.575966), (+3.510977, +0.012103), (+2.334838, +1.629724)]
2   | ( +1.900273,  -0.327211) |   305.98 deg | [(+0.908127, +0.188198), (+2.083234, -1.430173), (+2.892419, -0.842620), (+1.717313, +0.775751)]
3   | ( +0.732115,  -0.429904) |   306.26 deg | [(-0.262543, +0.080639), (+0.920475, -1.531957), (+1.726773, -0.940448), (+0.543755, +0.672148)]
4   | ( +0.045010,  -1.186328) |   306.28 deg | [(-0.949800, -0.676079), (+0.233697, -2.288325), (+1.039820, -1.696577), (-0.143677, -0.084331)]
5   | ( -2.344944,  -1.003376) |   270.13 deg | [(-2.847257, -0.004536), (-2.842628, -2.004530), (-1.842631, -2.002216), (-1.847259, -0.002222)]
6   | ( +1.327851,  +2.164185) |   306.01 deg | [(+0.335432, +2.679069), (+1.511395, +1.061320), (+2.320270, +1.649302), (+1.144306, +3.267050)]
7   | ( +0.257711,  +1.083550) |    35.94 deg | [(-0.258392, +0.091765), (+1.360801, +1.265739), (+0.773814, +2.075335), (-0.845379, +0.901361)]
8   | ( -1.344292,  +0.447922) |   270.16 deg | [(-1.847123, +1.446502), (-1.841456, -0.553490), (-0.841460, -0.550657), (-0.847127, +1.449335)]
9   | ( -2.347404,  +1.015729) |   270.03 deg | [(-2.847874, +2.015494), (-2.846934, +0.015494), (-1.846934, +0.015964), (-1.847874, +2.015964)]
10  | ( -0.840749,  -1.677609) |   126.16 deg | [(+0.152996, -2.189928), (-1.027140, -0.575221), (-1.834494, -1.165290), (-0.654357, -2.779996)]
11  | ( -0.677373,  +2.215093) |    16.31 deg | [(-1.496746, +1.454418), (+0.422792, +2.016001), (+0.142000, +2.975769), (-1.777538, +2.414186)]
12  | ( +1.266201,  -2.241246) |    53.66 deg | [(+1.076328, -3.343039), (+2.261559, -1.732068), (+1.456074, -1.139452), (+0.270843, -2.750423)]
================================================================================
