================================================================================
RECORD SUBMISSION: 11_DOMINO_in_6
================================================================================
Problem: 11_DOMINO_in_6
Family: dominhex (https://erich-friedman.github.io/packing/dominhex/index.html)
Inner Shape: DOMINO
Container: 6
Solver Circumradius S: 3.333917266858
Reported Metric s: 3.333917266858
Previous Friedman Benchmark: 3.347900000000
Improvement Delta: -0.013982733142 (-0.418%)

Pieces (11 total):
#   | Center (x, y)             | Angle (deg)  | Vertices [(x,y), ...]
--------------------------------------------------------------------------------
1   | ( +1.402110,  +1.827572) |   316.06 deg | [(+0.335101, +2.161475), (+1.775193, +0.773623), (+2.469119, +1.493669), (+1.029027, +2.881522)]
2   | ( -2.157850,  -1.036538) |   300.01 deg | [(-3.090983, -0.420694), (-2.090646, -2.152550), (-1.224718, -1.652381), (-2.225055, +0.079475)]
3   | ( -0.629481,  -2.387130) |   359.99 deg | [(-1.629541, -2.887009), (+0.370459, -2.887250), (+0.370579, -1.887250), (-1.629420, -1.887009)]
4   | ( +0.399321,  +0.920274) |   329.88 deg | [(-0.716564, +0.989556), (+1.013426, -0.014004), (+1.515206, +0.850991), (-0.214784, +1.854552)]
5   | ( -0.112699,  +0.041466) |   329.64 deg | [(-1.228278, +0.115519), (+0.497406, -0.895428), (+1.002880, -0.032586), (-0.722804, +0.978361)]
6   | ( +0.973022,  -1.080730) |    59.83 deg | [(+0.902776, -2.196555), (+1.907830, -0.467432), (+1.043269, +0.035095), (+0.038215, -1.694027)]
7   | ( -0.666342,  +2.387181) |     0.00 deg | [(-1.666323, +1.887142), (+0.333677, +1.887219), (+0.333639, +2.887219), (-1.666361, +2.887142)]
8   | ( -1.427171,  +0.771362) |    59.64 deg | [(-1.501142, -0.344222), (-0.490322, +1.381536), (-1.353201, +1.886946), (-2.364021, +0.161188)]
9   | ( +2.160514,  -0.031023) |   329.96 deg | [(+1.044532, +0.036673), (+2.775947, -0.964427), (+3.276497, -0.098720), (+1.545082, +0.902381)]
10  | ( -0.621967,  -0.829495) |   329.79 deg | [(-1.737741, -0.758445), (-0.009342, -1.764744), (+0.493808, -0.900544), (-1.234591, +0.105754)]
11  | ( +1.806179,  -1.641663) |   239.95 deg | [(+1.874140, -0.525696), (+0.872629, -2.256874), (+1.738218, -2.757629), (+2.739729, -1.026451)]
================================================================================
