================================================================================
RECORD SUBMISSION: 6_8_in_3
================================================================================
Problem: 6_8_in_3
Family: octintri (https://erich-friedman.github.io/packing/octintri/index.html)
Inner Shape: 8
Container: 3
Reported Side Length / Radius s (5 dec): 9.31578+
Exact Metric s: 9.315779776455
Previous Friedman Benchmark: 9.31580+ (exact: 9.315800000000)
Improvement Delta: -0.000020223545 (-0.000%)

Pieces (6 total):
#   | Center (x, y)             | Angle (deg)  | Vertices [(x,y), ...]
--------------------------------------------------------------------------------
1   | ( -1.134371,  +0.039007) |   112.50 deg | [(-1.517054, +0.962886), (-2.058251, +0.421690), (-2.058251, -0.343677), (-1.517054, -0.884873), (-0.751688, -0.884873), (-0.210492, -0.343677), (-0.210491, +0.421690), (-0.751688, +0.962886)]
2   | ( -1.066805,  -1.925778) |   277.50 deg | [(-0.936279, -2.917223), (-0.273452, -2.534540), (-0.075361, -1.795252), (-0.458044, -1.132425), (-1.197331, -0.934334), (-1.860159, -1.317017), (-2.058250, -2.056304), (-1.675567, -2.719132)]
3   | ( +0.533402,  -1.001898) |   277.50 deg | [(+0.663930, -1.993343), (+1.326756, -1.610658), (+1.524846, -0.871370), (+1.142162, -0.208544), (+0.402874, -0.010454), (-0.259953, -0.393138), (-0.458043, -1.132426), (-0.075358, -1.795253)]
4   | ( -1.134369,  +1.886769) |   112.50 deg | [(-1.517050, +2.810650), (-2.058248, +2.269455), (-2.058250, +1.504088), (-1.517056, +0.962891), (-0.751689, +0.962888), (-0.210491, +1.504083), (-0.210489, +2.269450), (-0.751683, +2.810647)]
5   | ( +0.600961,  +0.962886) |   217.50 deg | [(-0.192383, +0.354113), (+0.470450, -0.028560), (+1.209734, +0.169542), (+1.592408, +0.832375), (+1.394306, +1.571660), (+0.731473, +1.954333), (-0.007812, +1.756231), (-0.390486, +1.093398)]
6   | ( +2.201169,  +0.039001) |   172.50 deg | [(+1.209721, +0.169502), (+1.407831, -0.569781), (+2.070668, -0.952447), (+2.809951, -0.754337), (+3.192617, -0.091500), (+2.994507, +0.647783), (+2.331670, +1.030449), (+1.592387, +0.832339)]
================================================================================
