================================================================================
RECORD SUBMISSION: 8_8_in_6
================================================================================
Problem: 8_8_in_6
Family: octinhex (https://erich-friedman.github.io/packing/octinhex/index.html)
Inner Shape: 8
Container: 6
Reported Side Length / Radius s (5 dec): 4.56656+
Exact Metric s: 4.566557709973
Previous Friedman Benchmark: 4.56700+ (exact: 4.567000000000)
Improvement Delta: -0.000442290027 (-0.010%)

Pieces (8 total):
#   | Center (x, y)             | Angle (deg)  | Vertices [(x,y), ...]
--------------------------------------------------------------------------------
1   | ( -1.136116,  +2.102942) |   292.50 deg | [(-0.753458, +1.179052), (-0.212247, +1.720233), (-0.212226, +2.485600), (-0.753407, +3.026811), (-1.518774, +3.026832), (-2.059985, +2.485651), (-2.060006, +1.720285), (-1.518825, +1.179073)]
2   | ( -1.638861,  -1.367313) |   232.50 deg | [(-2.247623, -2.160666), (-1.508336, -2.358758), (-0.845509, -1.976075), (-0.647416, -1.236788), (-1.030099, -0.573960), (-1.769387, -0.375868), (-2.432214, -0.758551), (-2.630306, -1.497839)]
3   | ( -0.064436,  +0.058840) |   205.01 deg | [(-0.970659, -0.363961), (-0.406267, -0.880921), (+0.358365, -0.847382), (+0.875325, -0.282990), (+0.841786, +0.481642), (+0.277394, +0.998602), (-0.487237, +0.965063), (-1.004198, +0.400671)]
4   | ( +2.021660,  +0.704282) |    52.50 deg | [(+2.630432, +1.497627), (+1.891147, +1.695728), (+1.228315, +1.313053), (+1.030214, +0.573768), (+1.412888, -0.089064), (+2.152173, -0.287165), (+2.815006, +0.095510), (+3.013107, +0.834795)]
5   | ( +0.095073,  -2.035391) |   277.50 deg | [(+0.225583, -3.026838), (+0.888417, -2.644165), (+1.086520, -1.904881), (+0.703847, -1.242047), (-0.035438, -1.043944), (-0.698271, -1.426617), (-0.896374, -2.165902), (-0.513701, -2.828735)]
6   | ( +0.711650,  +2.102945) |   202.50 deg | [(-0.212240, +1.720285), (+0.328943, +1.179075), (+1.094309, +1.179055), (+1.635519, +1.720238), (+1.635539, +2.485604), (+1.094357, +3.026814), (+0.328990, +3.026834), (-0.212220, +2.485652)]
7   | ( +1.701906,  -1.122987) |     7.50 deg | [(+2.693353, -0.992480), (+2.310683, -0.329645), (+1.571399, -0.131539), (+0.908564, -0.514210), (+0.710458, -1.253494), (+1.093129, -1.916328), (+1.832413, -2.114434), (+2.495247, -1.731764)]
8   | ( -2.152298,  +0.478006) |   307.50 deg | [(-1.543551, -0.315359), (-1.160855, +0.347461), (-1.358933, +1.086753), (-2.021753, +1.469448), (-2.761045, +1.271370), (-3.143740, +0.608550), (-2.945662, -0.130741), (-2.282842, -0.513437)]
================================================================================
