================================================================================
RECORD SUBMISSION: 12_DOMINO_in_6
================================================================================
Problem: 12_DOMINO_in_6
Family: dominhex (https://erich-friedman.github.io/packing/dominhex/index.html)
Inner Shape: DOMINO
Container: 6
Solver Circumradius S: 3.443042419757
Reported Metric s: 3.443042419757
Previous Friedman Benchmark: 3.460800000000
Improvement Delta: -0.017757580243 (-0.513%)

Pieces (12 total):
#   | Center (x, y)             | Angle (deg)  | Vertices [(x,y), ...]
--------------------------------------------------------------------------------
1   | ( +1.074568,  -0.154747) |   238.90 deg | [(+1.163020, +0.959783), (+0.129873, -0.752703), (+0.986115, -1.269277), (+2.019263, +0.443209)]
2   | ( -1.209375,  +1.867233) |    58.90 deg | [(-1.297827, +0.752703), (-0.264680, +2.465189), (-1.120923, +2.981762), (-2.154070, +1.269277)]
3   | ( +0.735402,  +2.456841) |     0.40 deg | [(-0.261092, +1.949889), (+1.738860, +1.963817), (+1.731896, +2.963793), (-0.268056, +2.949865)]
4   | ( +2.242461,  -0.154747) |   238.90 deg | [(+2.330913, +0.959783), (+1.297766, -0.752703), (+2.154008, -1.269277), (+3.187156, +0.443209)]
5   | ( +0.041420,  -1.867233) |    58.90 deg | [(-0.047032, -2.981762), (+0.986115, -1.269277), (+0.129873, -0.752703), (-0.903275, -2.465189)]
6   | ( -2.242428,  +0.154690) |   238.90 deg | [(-2.153975, +1.269219), (-3.187122, -0.443266), (-2.330880, -0.959840), (-1.297733, +0.752646)]
7   | ( -1.084053,  -1.796920) |    58.90 deg | [(-1.172505, -2.911450), (-0.139358, -1.198964), (-0.995601, -0.682391), (-2.028748, -2.394876)]
8   | ( +1.310454,  +1.460821) |     0.40 deg | [(+0.313960, +0.953870), (+2.313912, +0.967797), (+2.306948, +1.967773), (+0.306997, +1.953846)]
9   | ( -0.634414,  +0.884209) |    58.90 deg | [(-0.722866, -0.230321), (+0.310281, +1.482165), (-0.545962, +1.998739), (-1.579109, +0.286253)]
10  | ( -0.021885,  -0.036331) |   238.90 deg | [(+0.066568, +1.078199), (-0.966579, -0.634287), (-0.110337, -1.150860), (+0.922810, +0.561625)]
11  | ( +1.209313,  -1.867233) |    58.90 deg | [(+1.120861, -2.981762), (+2.154008, -1.269277), (+1.297766, -0.752703), (+0.264619, -2.465189)]
12  | ( -1.667575,  -0.828301) |   238.90 deg | [(-1.579123, +0.286229), (-2.612270, -1.426257), (-1.756027, -1.942831), (-0.722880, -0.230345)]
================================================================================
