================================================================================
RECORD SUBMISSION: 12_6_in_6
================================================================================
Problem: 12_6_in_6
Family: hexinhex (https://erich-friedman.github.io/packing/hexinhex/index.html)
Inner Shape: 6
Container: 6
Reported Side Length / Radius s (5 dec): 3.94165+
Exact Metric s: 3.941648986550
Previous Friedman Benchmark: 3.94200+ (exact: 3.942000000000)
Improvement Delta: -0.000351013450 (-0.009%)

Pieces (12 total):
#   | Center (x, y)             | Angle (deg)  | Vertices [(x,y), ...]
--------------------------------------------------------------------------------
1   | ( -2.329718,  -0.886432) |    47.68 deg | [(-1.656473, -0.147013), (-2.633452, +0.066325), (-3.306697, -0.673095), (-3.002963, -1.625852), (-2.025984, -1.839189), (-1.352739, -1.099770)]
2   | ( -1.420750,  -2.460811) |   107.68 deg | [(-1.724484, -1.508054), (-2.397729, -2.247474), (-2.093995, -3.200231), (-1.117016, -3.413568), (-0.443771, -2.674149), (-0.747505, -1.721392)]
3   | ( +0.397186,  -2.460811) |    47.68 deg | [(+1.070431, -1.721391), (+0.093452, -1.508054), (-0.579792, -2.247474), (-0.276058, -3.200231), (+0.700920, -3.413568), (+1.374165, -2.674148)]
4   | ( +1.932532,  -1.574379) |   167.68 deg | [(+0.955553, -1.361042), (+1.259287, -2.313799), (+2.236266, -2.527136), (+2.909511, -1.787716), (+2.605777, -0.834959), (+1.628798, -0.621622)]
5   | ( -2.329718,  +0.886433) |    47.68 deg | [(-1.656472, +1.625852), (-2.633451, +1.839190), (-3.306696, +1.099770), (-3.002963, +0.147013), (-2.025984, -0.066324), (-1.352739, +0.673095)]
6   | ( -0.511782,  -0.886433) |   167.68 deg | [(-1.488761, -0.673095), (-1.185027, -1.625852), (-0.208049, -1.839190), (+0.465196, -1.099771), (+0.161463, -0.147013), (-0.815515, +0.066325)]
7   | ( +1.023564,  +0.000000) |    47.68 deg | [(+1.696808, +0.739420), (+0.719830, +0.952757), (+0.046585, +0.213337), (+0.350319, -0.739420), (+1.327298, -0.952757), (+2.000543, -0.213337)]
8   | ( +2.841500,  +0.000000) |   227.68 deg | [(+2.168255, -0.739420), (+3.145234, -0.952756), (+3.818479, -0.213336), (+3.514744, +0.739420), (+2.537766, +0.952757), (+1.864521, +0.213337)]
9   | ( -1.420750,  +2.460811) |   347.68 deg | [(-0.443771, +2.247473), (-0.747505, +3.200230), (-1.724484, +3.413568), (-2.397729, +2.674148), (-2.093995, +1.721391), (-1.117016, +1.508054)]
10  | ( -0.511782,  +0.886433) |    47.68 deg | [(+0.161463, +1.625852), (-0.815516, +1.839189), (-1.488760, +1.099770), (-1.185026, +0.147013), (-0.208048, -0.066324), (+0.465197, +0.673096)]
11  | ( +0.397186,  +2.460811) |   227.68 deg | [(-0.276058, +1.721391), (+0.700921, +1.508055), (+1.374165, +2.247475), (+1.070430, +3.200232), (+0.093452, +3.413568), (-0.579793, +2.674148)]
12  | ( +1.932532,  +1.574379) |   227.68 deg | [(+1.259287, +0.834959), (+2.236266, +0.621622), (+2.909510, +1.361042), (+2.605776, +2.313799), (+1.628798, +2.527136), (+0.955553, +1.787716)]
================================================================================
